> ads_selected
   [1]  1  2  3  4  5  6  7  8  9 10  1  2  3  4  5  6  7
  [18]  8  9 10  1  1  2  3  4  5  6  7  8  9  9 10  1  9
  [35]  2  3  4  5  6  7  7  8  8  8 10  8  1  7  9  2  3
  [52]  4  5  5  5  5  5  6 10  8  1  1  7  9  5  1  8  2
  [69]  2  3  4  6 10  5  2  7  9  1  8  3  4  6 10  5  2
  [86]  7  9  1  8  8  8  8  8  8  5  3  4  6 10  2  7  9
 [103]  1  1  8  1  5  2  7  9  3  4  6 10  8  1  5  5  5
 [120]  8  8  8  8  2  7  9  3  4  6 10  1  8  8  5  8  8
 [137]  8  2  7  9  1  5  5  3  4  6 10  5  8  1  8  2  2
 [154]  2  7  7  7  7  7  9  5  3  4  6 10  8  8  8  1  7
 [171]  5  2  2  2  9  8  3  4  6 10  5  1  2  2  2  7  8
 [188]  9  5  2  3  4  6 10  1  7  8  9  5  8  2  1  7  3
 [205]  4  6 10  8  8  8  8  5  5  5  5  5  8  9  2  1  7
 [222]  7  7  8  5  3  4  6 10  2  7  9  8  1  5  5  5  5
 [239]  5  3  4  6 10  2  7  8  5  9  1  8  5  5  5  2  7
 [256]  3  4  6 10  1  1  1  8  9  5  1  1  1  2  7  8  5
 [273]  3  4  6 10  1  9  8  2  7  5  1  8  8  8  8  8  3
 [290]  4  6 10  9  5  2  7  7  7  8  8  8  1  7  8  5  2
 [307]  2  2  3  3  3  4  6 10  3  9  8  1  2  7  5  8  3
 [324]  9  4  6 10 10 10 10  5  1  2  7  8  5  8  1  2  7
 [341]  3  9 10  4  6  5  8  1  1  1  2  7  3  9 10  5  1
 [358]  4  6  8  2  7  8  5  1  3  9 10  4  6  8  5  5  5
 [375]  5  5  2  7  5  1  8  3  9 10  5  4  6  2  7  7  7
 [392]  1  7  8  5  5  5  3  9  9  9  9 10  5  2  8  1  7
 [409]  4  6  8  8  8  5  9  2  3 10  8  1  1  1  1  1  1
 [426]  1  1  1  7  4  6  5  5  5  8  5  5  5  1  2  2  2
 [443]  9  9  9  9  2  7  5  3 10  8  4  4  4  4  6  1  5
 [460]  5  5  9  2  7  5  8  3  4 10  1  6  5  8  2  7  9
 [477]  1  3  4 10  5  8  8  8  8  2  7  9  6  1  5  8  3
 [494]  4 10  2  7  5  1  9  8  6  5  2  7  7  7  7  3  4
 [511]  4  4  4 10  8  1  9  5  5  5  5  5  5  4  6  8  7
 [528]  2  2  2  2  1  5  3 10  9  9  9  9  8  5  5  5  5
 [545]  5  5  5  5  5  5  5  5  5  5  5  5  4  2  7  5  5
 [562]  5  1  6  5  5  5  9  8  8  8  3 10  5  8  1  2  7
 [579]  4  5  6  6  6  6  8  9  3  6 10  5  5  5  5  5  5
 [596]  5  5  1  1  1  1  5  5  5  5  5  5  5  5  2  7  5
 [613]  8  8  8  4  8  9  5  1  2  7  3  6 10 10 10 10  8
 [630]  5  5  5  5  5  5  5  5  5  5  5  5  5  5  5  5  4
 [647] 10  5  9  1  1  1  1  1  1  1  8  2  7  7  7  7  5
 [664]  5  5  5  5  5  3  6  8  8  8  8  8  8  8  8  8  8
 [681]  8  8  4 10  5  1  9  7  2  5  5  5  5  5  5  5  5
 [698]  5  5  5  8  8  8  3  6  8  8  8  1  1  1  1  5  8
 [715]  7  4 10  9  2  2  2  2  5  8  1  5  5  5  3  6  2
 [732]  7  5  5  5  5  5  5  5  5  9  8  5  4 10  1  5  8
 [749]  2  7  7  7  7  3  6  5  5  5  5  5  5  5  5  9  5
 [766]  1  4  4  4  4 10  8  5  7  4  2  8  5  1  3  6  9
 [783] 10  5  5  5  5  5  5  7  8  2  4  5  5  5  1  5  9
 [800]  8  3  6  7  7  7  7  5 10  2  1  5  4  8  7  5  9
 [817]  1  3  6  8  2 10 10 10 10  5  7  4  4  4  4 10  5
 [834]  5  5  8  5  1  1  1  1  4  9  2  3  6  5  8  8  8
 [851]  7  8  1 10  5  4  9  2  8  8  8  8  5  7  1  1  1
 [868]  1  1  1  1  1  1  1  3  6  5 10  8  1  2  5  4  9
 [885]  7  8  5  1  3  6 10  2  5  5  5  5  5  5  5  5  5
 [902]  5  5  5  5  5  8  7  4  9  5  1  5  8  3  6  2  5
 [919]  5  5  5  5  5  5  5  5  5  5  5  5  5  5  5  5  5
 [936]  5 10  7  5  5  5  5  5  5  1  4  4  4  4  9  5  5
 [953]  5  5  5  5  5  5  5  5  5  5  5  5  5  5  5  5  5
 [970]  5  5  5  5  5  5  8  4  5  2  7  3  6  1 10  5  5
 [987]  5  8  5  9  5  4  8  1  2  7  5  3  6 10
 [ reached getOption("max.print") -- omitted 9000 entries ]